3599886
0
0
0
6
0 4 25 50000 4
1 4 25 2000 0
2 4 25 2000 0
3 4 25 2000 0
4 4 25 2000 0
5 4 25 2000 0
0
0
END
3599848
0
1
10
6
0 4 25 50000 4
1 3 25 2000 0
2 4 24 2000 0
3 4 24 2000 0
4 3 25 2000 0
5 4 24 2000 0
0
0
END
3599830
0
2
20
8
0 4 25 50000 4
1 3 24 2000 0
2 4 23 2000 0
4 3 24 2000 0
5 4 23 2000 0
6 4 23 2000 1
7 4 23 2000 2
8 4 23 2000 3
1
6 24 25 2000 0
1
5 5
END
3599820
0
3
70
10
0 4 25 50000 4
1 3 24 2000 0
2 4 23 2000 0
4 3 24 2000 0
5 4 23 2000 0
6 4 23 2000 1
7 4 23 2000 2
8 4 23 2000 3
9 49 49 5000 5
10 99 99 5000 5
1
6 24 25 2000 0
2
5 5
50 50
END
